2 84 7436
3 97 11323
4 91 9295
5 89 9126
6 95 11154
7 96 11323
8 27 4394
9 45 7267
10 81 13182
11 45 7267
12 45 7267
13 9 1352
17 30 3042
18 12 1359
19 13 1299
21 8 736
22 7 656
23 7 754
24 6 620
25 16 2105
26 24 2951
27 35 5842
28 52 3163
29 12 2889
30 15 3988
31 17 4665
32 9 713
33 20 2427
34 13 2858
35 15 3447
36 17 4087
37 12 1730
38 36 5460
39 89 8281
41 92 5577
42 93 6422
43 95 6084
44 95 6422
45 16 0
46 97 8112
47 14 4400
48 12 4400
49 14 5600
51 16 2296
52 16 2152
53 16 2122
54 16 2438
55 16 2021
56 24 2483
57 28 2926
58 52 4736
59 16 1868
60 24 1770
61 4 457
62 19 4608
63 14 3328
64 13 3328
65 10 4000
66 24 2308
67 24 2064
68 24 2284
69 72 6696
70 28 2321
71 52 4813
72 24 2296
73 24 0
74 61 24400
76 192 26702
77 192 32448
78 192 26702
79 80 13072
80 80 12458
81 80 12634
82 12 1500
83 64 10116
85 16 2704
86 24 2116
87 24 2116
88 24 2116
89 24 2116
90 25 0
91 25 0
92 32 8720
93 9 823
94 9 1463
95 9 1318
96 9 1295
97 9 1386
98 9 1371
99 9 1391
100 11 3167
101 13 3618
102 24 2902
104 76 10296
105 76 10272
106 74 9915
107 306 51315
108 225 38025
110 180 29406
111 160 27040
112 160 27040
113 52 8788
114 64 10816
115 52 8788
116 16 2704
117 160 26871
118 68 11492
119 16 2704
120 12 1193
121 12 1584
122 100 16731
123 100 16731
124 121 18496
125 135 22802
126 135 22791
127 135 22791
128 36 6084
129 40 6760
130 40 6760
131 35 5460
132 49 7921
133 12 1146
134 89 6253
135 135 22791
136 36 5460
